2.468331749099412775e+01 2.231776766251820732e+01
2.076775141868396091e+01 2.408161007641839291e+01
1.940867084041521906e+01 2.352098280744813863e+01
1.762440711721834674e+01 2.326931208132972984e+01
0.000000000000000000e+00 0.000000000000000000e+00
1.534121281545998983e+01 2.218149541396664759e+01
0.000000000000000000e+00 0.000000000000000000e+00
1.470039336471654678e+01 1.951739186777666291e+01
0.000000000000000000e+00 0.000000000000000000e+00
8.422419337266330075e+00 1.665593812789761685e+01
8.358328915805516957e+00 1.414003256053589830e+01
9.928391514375125126e+00 4.722022775917036341e+00
3.106400608944270836e+00 8.094902601603367387e+00
0.000000000000000000e+00 0.000000000000000000e+00
2.206907800424869226e+00 8.194606848309211600e+00
1.421139890316650778e+00 5.459386127288668789e+00
0.000000000000000000e+00 0.000000000000000000e+00
1.426521590805556405e+00 3.828841834448162285e+00
-7.147937760236803273e-01 1.325009607066772066e+00
0.000000000000000000e+00 0.000000000000000000e+00
-1.202728528168865552e+00 -1.175536756899395519e+00
0.000000000000000000e+00 0.000000000000000000e+00
0.000000000000000000e+00 0.000000000000000000e+00
0.000000000000000000e+00 0.000000000000000000e+00
0.000000000000000000e+00 0.000000000000000000e+00
0.000000000000000000e+00 0.000000000000000000e+00
0.000000000000000000e+00 0.000000000000000000e+00
0.000000000000000000e+00 0.000000000000000000e+00
0.000000000000000000e+00 0.000000000000000000e+00
0.000000000000000000e+00 0.000000000000000000e+00
0.000000000000000000e+00 0.000000000000000000e+00
0.000000000000000000e+00 0.000000000000000000e+00
0.000000000000000000e+00 0.000000000000000000e+00
0.000000000000000000e+00 0.000000000000000000e+00
0.000000000000000000e+00 0.000000000000000000e+00
0.000000000000000000e+00 0.000000000000000000e+00
0.000000000000000000e+00 0.000000000000000000e+00
0.000000000000000000e+00 0.000000000000000000e+00
0.000000000000000000e+00 0.000000000000000000e+00
0.000000000000000000e+00 0.000000000000000000e+00
-1.251372260572210404e+00 -1.299955112596565154e+00
0.000000000000000000e+00 0.000000000000000000e+00
-2.871768953870440511e-01 -7.657199605972047074e-01
-2.988914676410558413e-01 8.217040403861783915e-01
0.000000000000000000e+00 0.000000000000000000e+00
4.686559862703822965e+00 9.387982293833774250e-01
6.665920622426049214e+00 8.197960031770666900e-01
0.000000000000000000e+00 0.000000000000000000e+00
9.430172555679355639e+00 4.318450851481126840e+00
1.009704749494304998e+01 5.043748559017524613e+00
1.478543170777713200e+01 6.833624825119087198e+00
1.701867913902749763e+01 8.595981257438223722e+00
0.000000000000000000e+00 0.000000000000000000e+00
1.897028416700045028e+01 1.455738179496924189e+01
0.000000000000000000e+00 0.000000000000000000e+00
2.144559735651711208e+01 1.824371800559228518e+01
0.000000000000000000e+00 0.000000000000000000e+00
1.584629644005264737e+01 2.345337976876474428e+01
2.404940855050068649e+01 1.779937154456557025e+01
1.986002956318913704e+01 2.462287141927977530e+01
